ВЛ 10кВ № 8 ПС Шпикуловская
Тамбовская область, Жердевский район, Тамбовский район
335512
xy
322076.35	1276759.19	1
322075.18	1276757.68	2
322069.16	1276746.12	3
322087.78	1276736.42	4
322092.47	1276745.42	5
322134.46	1276782.81	6
322141.43	1276788.49	7
322186.59	1276824.62	8
322187.63	1276825.74	9
322231.85	1276889.72	10
322276.22	1276953.91	11
322320.63	1277018.17	12
322364.28	1277081.98	13
322408.81	1277147.06	14
322450.52	1277208.04	15
322483.92	1277256.86	16
322502.81	1277284.47	17
322561.25	1277369.89	18
322561.82	1277370.99	19
322574.13	1277403.29	20
322594.42	1277456.49	21
322597.15	1277458.25	22
322666.24	1277466.64	23
322669.90	1277468.73	24
322704.13	1277513.09	25
322751.77	1277574.85	26
322797.30	1277633.87	27
322841.27	1277690.88	28
322887.65	1277751.00	29
322934.68	1277811.96	30
322980.13	1277870.87	31
323020.64	1277923.40	32
323074.58	1277993.31	33
323116.56	1278047.73	34
323141.84	1278080.49	35
323153.30	1278095.35	36
323191.63	1278145.02	37
323246.56	1278215.32	38
323303.95	1278288.76	39
323353.93	1278352.72	40
323411.17	1278425.98	41
323464.14	1278493.76	42
323519.50	1278564.61	43
323558.40	1278614.39	44
323604.36	1278673.21	45
323672.71	1278659.12	46
323751.56	1278642.86	47
323826.25	1278627.46	48
323825.23	1278626.55	49
323839.24	1278610.90	50
323852.87	1278623.10	51
323893.90	1278608.30	52
323942.18	1278590.87	53
323998.15	1278570.67	54
324047.51	1278552.86	55
324148.82	1278516.22	56
324204.12	1278496.36	57
324255.38	1278477.95	58
324314.28	1278456.80	59
324380.65	1278432.96	60
324442.62	1278410.71	61
324503.47	1278388.86	62
324567.48	1278365.87	63
324628.52	1278343.94	64
324692.92	1278320.82	65
324736.10	1278305.31	66
324762.47	1278255.42	67
324791.95	1278199.64	68
324819.85	1278146.87	69
324848.44	1278092.78	70
324878.26	1278036.36	71
324909.52	1277977.22	72
324938.50	1277922.40	73
324967.97	1277866.64	74
324998.01	1277809.81	75
325029.23	1277750.76	76
325058.75	1277694.90	77
325089.66	1277636.42	78
325118.96	1277581.00	79
325149.68	1277522.88	80
325179.51	1277466.45	81
325209.16	1277410.34	82
325236.70	1277358.25	83
325264.17	1277306.29	84
325293.24	1277251.28	85
325321.87	1277197.12	86
325351.43	1277141.19	87
325383.59	1277080.35	88
325414.41	1277022.05	89
325439.98	1276973.68	90
325468.68	1276919.39	91
325500.24	1276859.67	92
325506.19	1276856.66	93
325575.73	1276866.93	94
325628.44	1276874.72	95
325689.91	1276883.80	96
325691.01	1276884.08	97
325745.35	1276904.75	98
325805.35	1276927.55	99
325865.65	1276950.47	100
325916.44	1276969.78	101
325980.05	1276993.96	102
326046.65	1277019.27	103
326098.43	1277038.95	104
326158.65	1277061.84	105
326217.90	1277084.36	106
326277.36	1277106.96	107
326330.41	1277127.13	108
326389.54	1277149.60	109
326448.62	1277172.06	110
326514.93	1277197.26	111
326575.10	1277219.29	112
326635.89	1277242.88	113
326694.89	1277265.78	114
326758.87	1277290.62	115
326818.11	1277313.61	116
326876.53	1277336.29	117
326937.70	1277360.03	118
326996.70	1277382.93	119
327057.63	1277406.58	120
327118.15	1277430.07	121
327175.84	1277452.46	122
327236.05	1277475.84	123
327296.91	1277499.46	124
327358.16	1277523.23	125
327417.99	1277546.45	126
327479.33	1277570.27	127
327539.31	1277593.56	128
327598.68	1277616.61	129
327659.86	1277640.36	130
327720.81	1277664.02	131
327790.02	1277690.89	132
327843.23	1277711.55	133
327901.46	1277734.16	134
327962.80	1277757.97	135
328016.24	1277778.72	136
328079.03	1277803.10	137
328136.84	1277825.55	138
328197.46	1277849.09	139
328257.33	1277872.42	140
328318.96	1277896.44	141
328372.37	1277917.26	142
328437.01	1277942.45	143
328497.38	1277965.98	144
328560.38	1277990.53	145
328620.49	1278013.95	146
328679.39	1278036.91	147
328739.68	1278060.41	148
328803.49	1278085.28	149
328864.21	1278108.93	150
328906.77	1278113.99	151
328965.13	1278120.91	152
329030.36	1278128.65	153
329099.37	1278136.84	154
329161.12	1278144.17	155
329225.64	1278151.83	156
329294.74	1278160.03	157
329365.56	1278168.43	158
329424.05	1278175.37	159
329483.53	1278182.43	160
329547.35	1278190.00	161
329613.94	1278197.90	162
329673.69	1278204.99	163
329740.58	1278212.93	164
329803.82	1278220.44	165
329867.90	1278228.04	166
329930.31	1278235.44	167
329994.79	1278243.10	168
330058.74	1278250.68	169
330119.84	1278257.93	170
330184.65	1278265.63	171
330251.37	1278273.54	172
330314.55	1278281.04	173
330378.74	1278288.66	174
330442.94	1278296.27	175
330504.59	1278303.59	176
330571.71	1278311.56	177
330631.90	1278318.70	178
330693.20	1278325.97	179
330759.24	1278333.81	180
330824.62	1278341.57	181
330889.43	1278349.26	182
330954.18	1278356.94	183
331019.34	1278364.55	184
331084.94	1278372.21	185
331146.57	1278379.41	186
331210.24	1278386.84	187
331281.89	1278395.21	188
331344.30	1278402.50	189
331411.24	1278410.32	190
331444.39	1278401.01	191
331484.49	1278389.75	192
331547.76	1278371.99	193
331612.97	1278353.68	194
331682.14	1278334.26	195
331743.79	1278316.95	196
331797.59	1278301.84	197
331874.77	1278280.18	198
331937.48	1278262.57	199
331989.27	1278248.03	200
331987.90	1278239.52	201
331987.86	1278239.17	202
331982.16	1278177.13	203
331974.23	1278090.79	204
331966.71	1278008.80	205
331960.17	1277937.58	206
331922.19	1277944.17	207
331849.25	1277956.82	208
331845.66	1277936.13	209
331918.61	1277923.47	210
331958.30	1277916.59	211
331952.39	1277848.07	212
331946.29	1277777.46	213
331937.29	1277673.18	214
331929.67	1277584.91	215
331922.22	1277498.69	216
331916.06	1277427.29	217
331890.17	1277354.64	218
331865.22	1277284.61	219
331840.36	1277214.83	220
331813.55	1277139.59	221
331789.18	1277071.21	222
331762.45	1276996.19	223
331738.39	1276928.66	224
331711.40	1276852.91	225
331681.72	1276769.61	226
331657.16	1276700.69	227
331630.72	1276626.48	228
331603.78	1276550.88	229
331573.66	1276469.37	230
331548.98	1276402.59	231
331521.14	1276327.22	232
331493.26	1276251.78	233
331465.07	1276172.12	234
331439.06	1276098.63	235
331412.80	1276024.44	236
331385.62	1275947.65	237
331359.04	1275872.56	238
331332.06	1275796.32	239
331302.92	1275713.99	240
331274.59	1275633.94	241
331247.40	1275560.12	242
331220.01	1275485.78	243
331191.00	1275407.02	244
331163.57	1275332.57	245
331135.01	1275255.02	246
331107.57	1275180.54	247
331079.82	1275105.20	248
331050.94	1275026.80	249
331023.65	1274952.71	250
331005.97	1274904.73	251
330955.52	1274936.68	252
330895.32	1274974.79	253
330884.09	1274957.04	254
330944.28	1274918.94	255
330996.35	1274885.97	256
331009.95	1274877.36	257
331019.45	1274880.57	258
331043.35	1274945.45	259
331070.64	1275019.54	260
331099.52	1275097.94	261
331127.27	1275173.28	262
331154.71	1275247.76	263
331183.27	1275325.31	264
331210.70	1275399.76	265
331239.71	1275478.52	266
331267.10	1275552.86	267
331294.38	1275626.91	268
331322.72	1275706.99	269
331351.86	1275789.32	270
331378.84	1275865.56	271
331405.42	1275940.65	272
331432.60	1276017.44	273
331458.86	1276091.63	274
331484.87	1276165.12	275
331513.00	1276244.60	276
331540.84	1276319.94	277
331568.68	1276395.31	278
331593.36	1276462.09	279
331623.51	1276543.69	280
331650.50	1276619.44	281
331676.94	1276693.65	282
331701.50	1276762.57	283
331731.18	1276845.87	284
331758.17	1276921.62	285
331782.23	1276989.15	286
331808.96	1277064.17	287
331833.33	1277132.55	288
331860.14	1277207.79	289
331885.00	1277277.57	290
331909.95	1277347.60	291
331936.52	1277422.15	292
331936.80	1277423.47	293
331943.14	1277496.89	294
331950.59	1277583.11	295
331958.21	1277671.38	296
331967.21	1277775.66	297
331973.31	1277846.27	298
331980.01	1277923.93	299
331980.94	1277933.98	300
331987.63	1278006.88	301
331995.15	1278088.87	302
332003.08	1278175.21	303
332008.73	1278236.75	304
332013.08	1278263.86	305
331999.15	1278270.71	306
331996.44	1278267.83	307
331943.16	1278282.79	308
331880.45	1278300.40	309
331803.27	1278322.06	310
331749.47	1278337.17	311
331687.82	1278354.48	312
331618.65	1278373.90	313
331553.44	1278392.21	314
331490.17	1278409.97	315
331450.07	1278421.23	316
331413.93	1278431.38	317
331411.88	1278431.54	318
331341.86	1278423.36	319
331279.45	1278416.07	320
331207.80	1278407.70	321
331144.13	1278400.27	322
331082.50	1278393.07	323
331016.90	1278385.41	324
330951.73	1278377.80	325
330886.95	1278370.12	326
330822.14	1278362.43	327
330756.76	1278354.67	328
330690.72	1278346.83	329
330629.42	1278339.56	330
330569.23	1278332.42	331
330502.11	1278324.45	332
330440.46	1278317.13	333
330376.26	1278309.52	334
330312.07	1278301.90	335
330248.89	1278294.40	336
330182.17	1278286.49	337
330117.36	1278278.79	338
330056.26	1278271.54	339
329992.31	1278263.96	340
329927.83	1278256.30	341
329865.42	1278248.90	342
329801.34	1278241.30	343
329738.10	1278233.79	344
329671.21	1278225.85	345
329611.46	1278218.76	346
329544.87	1278210.86	347
329481.05	1278203.29	348
329421.57	1278196.23	349
329363.08	1278189.29	350
329292.26	1278180.89	351
329223.16	1278172.69	352
329158.64	1278165.03	353
329096.89	1278157.70	354
329027.88	1278149.51	355
328962.65	1278141.77	356
328904.29	1278134.85	357
328859.77	1278129.56	358
328858.48	1278129.24	359
328795.87	1278104.84	360
328732.06	1278079.97	361
328671.77	1278056.47	362
328612.87	1278033.51	363
328552.76	1278010.09	364
328489.76	1277985.54	365
328429.39	1277962.01	366
328364.75	1277936.82	367
328311.34	1277916.00	368
328249.71	1277891.98	369
328189.85	1277868.66	370
328129.24	1277845.13	371
328071.43	1277822.68	372
328008.64	1277798.30	373
327955.20	1277777.55	374
327893.86	1277753.74	375
327835.63	1277731.13	376
327782.42	1277710.47	377
327713.21	1277683.60	378
327652.26	1277659.94	379
327591.08	1277636.19	380
327531.71	1277613.14	381
327471.73	1277589.85	382
327410.39	1277566.03	383
327350.56	1277542.81	384
327289.31	1277519.04	385
327228.45	1277495.42	386
327168.24	1277472.04	387
327110.55	1277449.65	388
327050.03	1277426.16	389
326989.10	1277402.51	390
326930.10	1277379.61	391
326868.93	1277355.87	392
326810.51	1277333.19	393
326751.27	1277310.20	394
326687.29	1277285.36	395
326628.29	1277262.46	396
326567.55	1277238.89	397
326507.62	1277216.95	398
326441.16	1277191.68	399
326382.08	1277169.22	400
326322.95	1277146.75	401
326269.90	1277126.58	402
326210.44	1277103.98	403
326151.19	1277081.46	404
326090.97	1277058.57	405
326039.19	1277038.89	406
325972.59	1277013.58	407
325908.98	1276989.40	408
325858.19	1276970.09	409
325797.89	1276947.17	410
325737.89	1276924.37	411
325685.18	1276904.33	412
325625.37	1276895.50	413
325572.66	1276887.71	414
325513.77	1276879.01	415
325487.24	1276929.21	416
325458.54	1276983.50	417
325432.97	1277031.87	418
325402.15	1277090.17	419
325369.99	1277151.01	420
325340.43	1277206.94	421
325311.80	1277261.10	422
325282.73	1277316.11	423
325255.26	1277368.07	424
325227.72	1277420.16	425
325198.07	1277476.27	426
325168.24	1277532.70	427
325137.52	1277590.82	428
325108.22	1277646.24	429
325077.31	1277704.72	430
325047.79	1277760.58	431
325016.57	1277819.63	432
324986.53	1277876.46	433
324957.06	1277932.22	434
324928.08	1277987.04	435
324896.82	1278046.18	436
324867.00	1278102.60	437
324838.41	1278156.69	438
324810.51	1278209.46	439
324781.03	1278265.24	440
324751.84	1278320.45	441
324748.88	1278323.03	442
324700.02	1278340.58	443
324635.62	1278363.70	444
324574.58	1278385.63	445
324510.57	1278408.62	446
324449.72	1278430.47	447
324387.75	1278452.72	448
324321.38	1278476.56	449
324262.48	1278497.71	450
324211.22	1278516.12	451
324155.94	1278535.98	452
324054.64	1278572.61	453
324005.28	1278590.42	454
323949.31	1278610.62	455
323901.03	1278628.05	456
323855.92	1278644.32	457
323853.55	1278644.61	458
323853.02	1278644.55	459
323845.71	1278644.89	460
323755.80	1278663.42	461
323676.95	1278679.68	462
323599.29	1278695.69	463
323593.67	1278693.62	464
323541.86	1278627.31	465
323502.96	1278577.53	466
323447.60	1278506.68	467
323394.63	1278438.90	468
323337.39	1278365.64	469
323287.41	1278301.68	470
323230.02	1278228.24	471
323175.06	1278157.91	472
323136.68	1278108.17	473
323125.22	1278093.31	474
323099.94	1278060.55	475
323057.96	1278006.13	476
323004.02	1277936.22	477
322963.51	1277883.69	478
322918.06	1277824.78	479
322871.03	1277763.82	480
322824.65	1277703.70	481
322780.68	1277646.69	482
322735.15	1277587.67	483
322687.51	1277525.91	484
322657.26	1277486.70	485
322587.26	1277478.20	486
322571.91	1277479.56	487
322569.86	1277485.77	488
322545.28	1277477.66	489
322547.24	1277460.66	490
322572.68	1277458.41	491
322554.51	1277410.77	492
322542.87	1277380.23	493
322485.47	1277296.33	494
322466.58	1277268.72	495
322433.18	1277219.90	496
322391.47	1277158.92	497
322346.94	1277093.84	498
322303.30	1277030.04	499
322258.94	1276965.85	500
322214.57	1276901.66	501
322171.66	1276839.58	502
322133.87	1276809.34	503
322125.41	1276832.66	504
322125.31	1276832.93	505
322118.59	1276848.69	506
322099.27	1276840.45	507
322105.84	1276825.05	508
322116.70	1276795.10	509