ВЛ 10кВ № 3 ПС Шпикуловская
Тамбовская область, Жердевский район
510274
xy
322066.55	1276746.56	1
322085.93	1276738.48	2
322091.65	1276752.18	3
322091.81	1276755.91	4
322077.01	1276802.61	5
322062.53	1276848.33	6
322049.66	1276888.96	7
322080.12	1276935.39	8
322118.11	1276993.29	9
322148.79	1277040.04	10
322149.67	1277043.03	11
322149.01	1277107.18	12
322148.54	1277152.42	13
322147.92	1277213.41	14
322147.27	1277276.64	15
322146.67	1277335.71	16
322146.03	1277398.08	17
322145.42	1277456.97	18
322144.35	1277561.41	19
322143.46	1277631.36	20
322142.71	1277690.22	21
322141.96	1277748.49	22
322141.21	1277807.67	23
322140.44	1277867.58	24
322139.68	1277927.33	25
322138.89	1277988.56	26
322138.14	1278047.52	27
322137.37	1278107.60	28
322136.60	1278168.14	29
322135.83	1278228.23	30
322135.07	1278287.62	31
322136.10	1278345.26	32
322176.86	1278377.41	33
322177.52	1278378.03	34
322215.54	1278420.51	35
322255.16	1278464.76	36
322295.54	1278509.88	37
322332.76	1278551.46	38
322369.83	1278592.88	39
322409.42	1278637.10	40
322455.74	1278688.85	41
322489.13	1278726.15	42
322517.07	1278757.39	43
322516.82	1278765.78	44
322489.29	1278792.96	45
322440.47	1278847.67	46
322390.50	1278903.67	47
322342.26	1278957.72	48
322295.38	1279010.26	49
322247.38	1279064.05	50
322198.63	1279118.68	51
322149.92	1279173.27	52
322101.34	1279227.71	53
322058.03	1279276.24	54
322012.04	1279327.78	55
321965.79	1279379.61	56
321917.03	1279434.26	57
321868.88	1279488.21	58
321824.21	1279538.27	59
321777.29	1279590.85	60
321731.44	1279642.23	61
321682.45	1279697.13	62
321635.48	1279749.76	63
321589.19	1279801.64	64
321538.68	1279858.24	65
321492.20	1279910.32	66
321468.14	1279951.71	67
321442.41	1279995.94	68
321415.04	1280042.99	69
321385.26	1280094.20	70
321357.86	1280141.30	71
321326.67	1280194.93	72
321298.02	1280244.19	73
321268.60	1280294.76	74
321239.33	1280345.09	75
321210.08	1280395.39	76
321186.24	1280436.37	77
321155.98	1280488.40	78
321127.39	1280537.54	79
321095.94	1280591.32	80
321071.29	1280633.47	81
321042.44	1280682.79	82
321015.20	1280729.37	83
320985.42	1280780.29	84
320957.23	1280828.49	85
320928.30	1280877.96	86
320899.33	1280927.50	87
320873.68	1280971.35	88
320843.22	1281023.43	89
320817.89	1281066.76	90
320786.77	1281119.97	91
320763.89	1281159.08	92
320734.52	1281209.31	93
320705.45	1281259.02	94
320680.82	1281301.13	95
320652.61	1281349.36	96
320628.14	1281391.22	97
320626.09	1281393.21	98
320596.72	1281409.24	99
320562.40	1281427.97	100
320519.44	1281451.41	101
320467.05	1281480.00	102
320420.99	1281505.14	103
320376.35	1281529.50	104
320331.50	1281553.97	105
320276.61	1281583.93	106
320237.23	1281605.42	107
320194.56	1281628.70	108
320194.19	1281628.89	109
320124.88	1281659.99	110
320072.41	1281688.27	111
320015.02	1281719.20	112
319951.19	1281753.59	113
319890.67	1281786.20	114
319828.93	1281819.47	115
319759.49	1281856.89	116
319695.73	1281891.25	117
319622.64	1281930.64	118
319559.31	1281964.77	119
319494.28	1281999.81	120
319428.27	1282035.38	121
319366.64	1282068.59	122
319306.35	1282101.08	123
319245.13	1282134.06	124
319182.45	1282167.83	125
319115.81	1282203.74	126
319052.26	1282237.97	127
318988.72	1282272.21	128
318936.75	1282300.20	129
318934.54	1282305.22	130
318931.84	1282314.02	131
318909.25	1282390.10	132
318889.59	1282456.33	133
318869.36	1282524.48	134
318848.48	1282594.81	135
318827.66	1282664.93	136
318805.96	1282738.01	137
318790.24	1282790.97	138
318773.85	1282846.17	139
318755.37	1282908.67	140
318746.43	1282937.76	141
318722.88	1283017.79	142
318702.56	1283085.99	143
318679.29	1283164.15	144
318658.11	1283235.25	145
318635.85	1283310.03	146
318617.34	1283372.19	147
318611.38	1283405.43	148
318609.65	1283414.88	149
318608.77	1283419.45	150
318599.51	1283470.06	151
318586.75	1283540.44	152
318611.06	1283596.93	153
318627.71	1283635.62	154
318655.17	1283699.41	155
318685.10	1283768.98	156
318714.41	1283837.07	157
318742.16	1283901.56	158
318770.85	1283968.23	159
318796.48	1284027.79	160
318823.52	1284090.62	161
318850.36	1284152.98	162
318878.48	1284217.82	163
318897.33	1284261.29	164
318924.74	1284324.26	165
318954.16	1284391.82	166
318980.34	1284451.97	167
319007.55	1284514.47	168
319033.76	1284574.68	169
319060.48	1284636.06	170
319088.07	1284699.42	171
319115.08	1284761.47	172
319140.66	1284820.25	173
319167.94	1284882.90	174
319194.54	1284944.00	175
319223.12	1285009.57	176
319248.92	1285068.91	177
319275.08	1285129.01	178
319299.02	1285184.01	179
319325.50	1285244.83	180
319351.11	1285303.65	181
319376.84	1285362.77	182
319404.88	1285427.17	183
319431.18	1285487.59	184
319458.51	1285550.35	185
319484.43	1285609.90	186
319512.05	1285673.36	187
319511.82	1285678.24	188
319508.62	1285684.03	189
319482.83	1285745.17	190
319457.43	1285805.14	191
319431.84	1285866.42	192
319406.68	1285926.40	193
319388.66	1285989.68	194
319369.58	1286056.66	195
319351.86	1286118.88	196
319338.27	1286181.80	197
319324.57	1286245.20	198
319310.60	1286309.86	199
319297.36	1286371.18	200
319283.33	1286436.13	201
319269.49	1286500.20	202
319255.58	1286564.57	203
319241.47	1286629.88	204
319227.37	1286695.15	205
319213.06	1286761.41	206
319198.74	1286827.71	207
319198.17	1286829.20	208
319164.89	1286888.08	209
319131.26	1286947.57	210
319098.30	1287005.89	211
319065.07	1287064.69	212
319034.47	1287118.82	213
319004.52	1287171.82	214
319001.03	1287174.45	215
318930.51	1287191.46	216
318864.81	1287207.30	217
318800.39	1287222.84	218
318746.93	1287235.73	219
318701.68	1287246.65	220
318643.83	1287260.30	221
318594.47	1287271.95	222
318599.87	1287328.64	223
318606.57	1287398.95	224
318612.76	1287463.98	225
318618.21	1287521.13	226
318617.50	1287524.35	227
318607.31	1287541.79	228
318589.18	1287531.20	229
318596.83	1287518.10	230
318591.86	1287465.98	231
318585.67	1287400.95	232
318578.97	1287330.64	233
318573.84	1287276.87	234
318520.96	1287289.60	235
318464.17	1287303.27	236
318401.15	1287318.44	237
318344.20	1287332.14	238
318294.31	1287344.15	239
318238.64	1287357.55	240
318179.87	1287371.69	241
318116.90	1287386.85	242
318051.85	1287402.50	243
317993.41	1287416.57	244
317941.30	1287429.11	245
317879.45	1287444.00	246
317829.41	1287456.04	247
317780.01	1287467.93	248
317668.46	1287494.80	249
317602.12	1287510.97	250
317538.46	1287526.49	251
317477.33	1287541.39	252
317416.28	1287556.28	253
317354.52	1287571.33	254
317295.81	1287585.64	255
317233.26	1287600.89	256
317172.11	1287615.80	257
317114.34	1287629.88	258
317052.93	1287644.85	259
316993.74	1287659.28	260
316927.67	1287675.39	261
316864.82	1287690.71	262
316801.21	1287706.22	263
316740.26	1287721.08	264
316685.43	1287734.32	265
316626.91	1287748.46	266
316556.30	1287765.51	267
316509.86	1287776.73	268
316469.62	1287786.45	269
316414.54	1287799.76	270
316351.54	1287814.98	271
316289.21	1287830.03	272
316228.04	1287858.40	273
316168.72	1287885.90	274
316107.43	1287914.32	275
316053.53	1287939.31	276
316002.72	1287962.88	277
315946.23	1287989.07	278
315890.83	1288014.76	279
315838.43	1288039.06	280
315780.10	1288066.11	281
315732.73	1288088.07	282
315691.32	1288107.27	283
315627.34	1288136.94	284
315625.41	1288183.04	285
315622.61	1288255.97	286
315620.34	1288314.90	287
315617.36	1288390.68	288
315614.79	1288456.29	289
315612.00	1288527.34	290
315611.96	1288527.87	291
315609.58	1288544.81	292
315588.79	1288541.90	293
315591.05	1288525.71	294
315593.81	1288455.48	295
315596.38	1288389.87	296
315599.36	1288314.09	297
315601.63	1288255.16	298
315604.43	1288182.17	299
315606.75	1288126.72	300
315610.03	1288121.81	301
315682.48	1288088.21	302
315723.89	1288069.01	303
315771.26	1288047.05	304
315829.59	1288020.00	305
315881.99	1287995.70	306
315937.39	1287970.01	307
315993.88	1287943.82	308
316044.69	1287920.25	309
316098.59	1287895.26	310
316159.88	1287866.84	311
316219.20	1287839.34	312
316281.77	1287810.33	313
316282.75	1287809.99	314
316346.61	1287794.56	315
316409.61	1287779.34	316
316464.69	1287766.03	317
316504.93	1287756.31	318
316551.37	1287745.09	319
316621.98	1287728.04	320
316680.50	1287713.90	321
316735.32	1287700.66	322
316796.23	1287685.82	323
316859.84	1287670.31	324
316922.69	1287654.99	325
316988.76	1287638.88	326
317047.95	1287624.45	327
317109.36	1287609.48	328
317167.13	1287595.40	329
317228.28	1287580.49	330
317290.83	1287565.24	331
317349.54	1287550.93	332
317411.30	1287535.88	333
317472.35	1287520.99	334
317533.48	1287506.09	335
317597.14	1287490.57	336
317663.51	1287474.39	337
317775.09	1287447.51	338
317824.49	1287435.62	339
317874.53	1287423.58	340
317936.38	1287408.69	341
317988.49	1287396.15	342
318046.93	1287382.08	343
318111.98	1287366.43	344
318174.95	1287351.27	345
318233.72	1287337.13	346
318289.39	1287323.73	347
318339.28	1287311.72	348
318396.23	1287298.02	349
318459.25	1287282.85	350
318516.04	1287269.18	351
318571.83	1287255.75	352
318581.44	1287253.44	353
318639.01	1287239.86	354
318696.80	1287226.22	355
318742.01	1287215.31	356
318795.47	1287202.42	357
318859.89	1287186.88	358
318925.59	1287171.04	359
318989.55	1287155.61	360
319016.19	1287108.48	361
319046.79	1287054.35	362
319080.02	1286995.55	363
319112.98	1286937.23	364
319146.61	1286877.74	365
319178.72	1286820.93	366
319192.54	1286756.97	367
319206.85	1286690.71	368
319220.95	1286625.44	369
319235.06	1286560.13	370
319248.97	1286495.76	371
319262.81	1286431.69	372
319276.84	1286366.74	373
319290.08	1286305.42	374
319304.05	1286240.76	375
319317.75	1286177.36	376
319331.46	1286113.87	377
319331.54	1286113.54	378
319349.38	1286050.90	379
319368.46	1285983.92	380
319386.73	1285919.78	381
319386.94	1285919.19	382
319412.47	1285858.31	383
319438.07	1285797.01	384
319463.50	1285736.98	385
319489.60	1285675.10	386
319489.76	1285674.77	387
319465.17	1285618.28	388
319439.25	1285558.73	389
319411.92	1285495.97	390
319385.62	1285435.55	391
319357.58	1285371.15	392
319331.85	1285312.03	393
319306.24	1285253.21	394
319279.76	1285192.39	395
319255.82	1285137.39	396
319229.66	1285077.29	397
319203.86	1285017.95	398
319175.28	1284952.38	399
319148.68	1284891.28	400
319121.40	1284828.63	401
319095.82	1284769.85	402
319068.81	1284707.80	403
319041.22	1284644.44	404
319014.50	1284583.06	405
318988.29	1284522.85	406
318961.08	1284460.35	407
318934.90	1284400.20	408
318905.48	1284332.64	409
318878.07	1284269.66	410
318859.22	1284226.18	411
318831.09	1284161.32	412
318804.24	1284098.92	413
318777.20	1284036.09	414
318751.57	1283976.53	415
318722.88	1283909.86	416
318695.13	1283845.37	417
318665.82	1283777.28	418
318635.89	1283707.71	419
318608.43	1283643.92	420
318591.78	1283605.23	421
318565.60	1283544.41	422
318565.25	1283541.33	423
318578.85	1283466.28	424
318588.15	1283415.48	425
318589.03	1283410.90	426
318590.71	1283401.70	427
318596.81	1283367.67	428
318596.94	1283367.10	429
318615.73	1283304.03	430
318637.99	1283229.25	431
318659.17	1283158.15	432
318682.44	1283079.99	433
318702.75	1283011.80	434
318726.34	1282931.63	435
318735.25	1282902.63	436
318753.71	1282840.19	437
318770.10	1282784.99	438
318785.82	1282732.03	439
318807.52	1282658.95	440
318828.34	1282588.83	441
318849.22	1282518.50	442
318869.45	1282450.35	443
318889.11	1282384.12	444
318911.73	1282307.97	445
318913.59	1282301.91	446
318849.65	1282291.79	447
318776.16	1282280.17	448
318707.11	1282269.25	449
318608.55	1282253.53	450
318549.49	1282244.11	451
318546.41	1282243.64	452
318528.01	1282294.68	453
318504.42	1282360.12	454
318482.62	1282420.59	455
318461.15	1282480.15	456
318439.69	1282539.69	457
318417.99	1282599.88	458
318397.33	1282657.18	459
318376.21	1282715.76	460
318355.08	1282774.39	461
318355.04	1282793.31	462
318334.04	1282793.27	463
318334.08	1282771.61	464
318334.40	1282769.83	465
318356.45	1282708.64	466
318377.57	1282650.06	467
318398.23	1282592.76	468
318419.93	1282532.57	469
318441.39	1282473.03	470
318462.86	1282413.47	471
318484.66	1282353.00	472
318508.25	1282287.56	473
318525.26	1282240.36	474
318464.22	1282230.70	475
318402.77	1282220.96	476
318334.44	1282210.14	477
318267.94	1282199.61	478
318200.93	1282188.99	479
318135.48	1282178.63	480
318077.98	1282169.52	481
318008.10	1282158.45	482
317944.04	1282148.30	483
317874.58	1282137.30	484
317826.73	1282129.72	485
317827.94	1282146.30	486
317827.73	1282148.20	487
317805.74	1282221.80	488
317785.08	1282290.94	489
317763.12	1282364.43	490
317741.31	1282437.41	491
317719.20	1282511.40	492
317697.76	1282583.16	493
317675.97	1282656.07	494
317650.88	1282740.01	495
317629.26	1282812.38	496
317674.76	1282829.02	497
317726.78	1282848.06	498
317786.58	1282869.94	499
317837.46	1282888.56	500
317838.65	1282889.17	501
317853.59	1282899.49	502
317841.65	1282916.77	503
317828.36	1282907.59	504
317779.36	1282889.66	505
317719.56	1282867.78	506
317667.54	1282848.74	507
317608.85	1282827.27	508
317605.12	1282819.82	509
317630.76	1282733.99	510
317655.85	1282650.05	511
317677.64	1282577.14	512
317699.08	1282505.38	513
317721.19	1282431.39	514
317743.00	1282358.41	515
317764.96	1282284.92	516
317785.62	1282215.78	517
317806.79	1282144.95	518
317805.43	1282126.34	519
317751.93	1282117.87	520
317681.84	1282106.77	521
317616.69	1282096.46	522
317610.91	1282098.94	523
317557.61	1282127.29	524
317494.70	1282160.77	525
317427.96	1282196.28	526
317364.06	1282230.28	527
317300.52	1282264.09	528
317234.87	1282299.02	529
317170.46	1282333.29	530
317106.60	1282367.26	531
317039.47	1282402.98	532
316974.27	1282437.67	533
316906.54	1282473.71	534
316839.69	1282509.28	535
316771.45	1282545.59	536
316700.01	1282583.60	537
316630.35	1282620.66	538
316564.13	1282655.89	539
316501.89	1282689.02	540
316432.84	1282725.75	541
316366.50	1282761.05	542
316307.97	1282792.19	543
316247.30	1282824.47	544
316198.90	1282850.22	545
316196.82	1282850.83	546
316123.01	1282856.54	547
316052.64	1282861.98	548
315983.65	1282867.31	549
315913.61	1282872.73	550
315844.31	1282878.09	551
315775.25	1282883.43	552
315707.06	1282888.70	553
315637.16	1282894.10	554
315571.69	1282899.17	555
315504.86	1282904.33	556
315442.99	1282909.12	557
315399.26	1282912.50	558
315348.45	1282916.43	559
315291.20	1282942.13	560
315232.67	1282968.40	561
315179.16	1282992.42	562
315125.27	1283016.62	563
315066.65	1283042.93	564
314997.57	1283073.95	565
314936.28	1283101.46	566
314881.43	1283126.08	567
314879.68	1283155.04	568
314886.41	1283176.98	569
314886.37	1283180.26	570
314880.94	1283196.62	571
314877.23	1283195.39	572
314876.53	1283206.95	573
314873.14	1283263.03	574
314868.83	1283334.08	575
314864.29	1283409.04	576
314861.87	1283449.03	577
314905.24	1283445.91	578
314968.12	1283441.56	579
315034.60	1283436.97	580
315036.05	1283457.92	581
314969.56	1283462.52	582
314906.69	1283466.85	583
314860.59	1283470.18	584
314858.16	1283510.57	585
314857.57	1283520.33	586
314853.50	1283587.94	587
314832.54	1283586.68	588
314836.12	1283527.15	589
314832.67	1283526.38	590
314766.83	1283512.26	591
314702.74	1283498.52	592
314637.21	1283484.47	593
314573.05	1283470.71	594
314508.30	1283456.83	595
314442.49	1283442.72	596
314379.22	1283429.15	597
314314.74	1283415.33	598
314252.77	1283402.04	599
314188.55	1283388.27	600
314187.61	1283387.97	601
314172.40	1283381.54	602
314180.58	1283362.20	603
314194.40	1283368.04	604
314257.17	1283381.50	605
314319.14	1283394.79	606
314383.62	1283408.61	607
314446.89	1283422.18	608
314512.70	1283436.29	609
314577.45	1283450.17	610
314641.61	1283463.93	611
314707.14	1283477.98	612
314771.23	1283491.72	613
314837.40	1283505.92	614
314840.14	1283460.45	615
314840.74	1283450.56	616
314843.33	1283407.77	617
314847.87	1283332.81	618
314852.18	1283261.76	619
314855.57	1283205.68	620
314858.48	1283157.58	621
314859.04	1283148.41	622
314860.31	1283127.61	623
314816.11	1283118.85	624
314764.78	1283108.66	625
314708.25	1283097.45	626
314643.87	1283084.67	627
314600.57	1283076.08	628
314555.94	1283067.22	629
314541.80	1283065.64	630
314544.15	1283044.77	631
314558.99	1283046.44	632
314559.43	1283046.51	633
314604.65	1283055.48	634
314647.95	1283064.07	635
314712.33	1283076.85	636
314768.86	1283088.06	637
314820.19	1283098.25	638
314870.10	1283108.15	639
314927.68	1283082.30	640
314988.97	1283054.79	641
315058.05	1283023.77	642
315116.67	1282997.46	643
315170.56	1282973.26	644
315224.07	1282949.24	645
315282.60	1282922.97	646
315342.35	1282896.15	647
315344.11	1282895.70	648
315397.64	1282891.56	649
315441.37	1282888.18	650
315503.24	1282883.39	651
315570.07	1282878.23	652
315635.54	1282873.16	653
315705.44	1282867.76	654
315773.63	1282862.49	655
315842.69	1282857.15	656
315911.99	1282851.79	657
315982.03	1282846.37	658
316051.02	1282841.04	659
316121.39	1282835.60	660
316191.94	1282830.14	661
316237.44	1282805.93	662
316298.11	1282773.65	663
316356.64	1282742.51	664
316422.98	1282707.21	665
316492.03	1282670.48	666
316554.27	1282637.35	667
316620.49	1282602.12	668
316690.15	1282565.06	669
316761.59	1282527.05	670
316829.83	1282490.74	671
316896.68	1282455.17	672
316964.41	1282419.13	673
317029.61	1282384.44	674
317096.74	1282348.72	675
317160.60	1282314.75	676
317225.01	1282280.48	677
317290.66	1282245.55	678
317354.20	1282211.74	679
317418.10	1282177.74	680
317484.84	1282142.23	681
317547.75	1282108.75	682
317608.37	1282076.50	683
317621.85	1282066.61	684
317629.66	1282077.25	685
317685.12	1282086.03	686
317755.21	1282097.13	687
317827.30	1282108.55	688
317877.86	1282116.56	689
317947.32	1282127.56	690
318011.38	1282137.71	691
318081.26	1282148.78	692
318138.76	1282157.89	693
318204.21	1282168.25	694
318271.22	1282178.87	695
318337.72	1282189.40	696
318406.05	1282200.22	697
318467.50	1282209.96	698
318532.51	1282220.25	699
318542.06	1282221.76	700
318552.77	1282223.37	701
318611.85	1282232.79	702
318710.40	1282248.51	703
318779.44	1282259.43	704
318852.93	1282271.05	705
318925.34	1282282.51	706
318978.76	1282253.73	707
319042.30	1282219.49	708
319105.85	1282185.26	709
319172.49	1282149.35	710
319235.17	1282115.58	711
319296.39	1282082.60	712
319356.68	1282050.11	713
319418.31	1282016.90	714
319484.32	1281981.33	715
319549.35	1281946.29	716
319612.68	1281912.16	717
319685.77	1281872.77	718
319749.53	1281838.41	719
319818.97	1281800.99	720
319880.71	1281767.72	721
319941.23	1281735.11	722
320005.06	1281700.72	723
320062.45	1281669.79	724
320115.48	1281641.21	725
320115.82	1281641.04	726
320185.01	1281609.99	727
320227.17	1281586.98	728
320266.55	1281565.49	729
320321.44	1281535.53	730
320366.29	1281511.06	731
320410.93	1281486.70	732
320456.99	1281461.56	733
320509.38	1281432.97	734
320552.34	1281409.53	735
320586.66	1281390.80	736
320612.22	1281376.85	737
320634.49	1281338.76	738
320662.70	1281290.53	739
320687.33	1281248.42	740
320716.40	1281198.71	741
320745.77	1281148.48	742
320768.65	1281109.37	743
320799.77	1281056.16	744
320825.10	1281012.83	745
320855.56	1280960.75	746
320881.21	1280916.90	747
320910.18	1280867.36	748
320939.11	1280817.89	749
320967.30	1280769.69	750
320997.08	1280718.77	751
321024.32	1280672.19	752
321053.17	1280622.87	753
321077.82	1280580.72	754
321109.24	1280526.97	755
321137.82	1280477.84	756
321168.08	1280425.81	757
321191.92	1280384.83	758
321221.17	1280334.53	759
321250.44	1280284.20	760
321279.86	1280233.63	761
321308.51	1280184.37	762
321339.70	1280130.74	763
321367.10	1280083.64	764
321396.88	1280032.43	765
321424.25	1279985.38	766
321449.98	1279941.15	767
321474.83	1279898.41	768
321475.45	1279897.55	769
321523.02	1279844.26	770
321573.53	1279787.66	771
321619.82	1279735.78	772
321666.79	1279683.15	773
321715.78	1279628.25	774
321761.63	1279576.87	775
321808.55	1279524.29	776
321853.22	1279474.23	777
321901.37	1279420.28	778
321950.13	1279365.63	779
321996.38	1279313.80	780
322042.37	1279262.26	781
322085.68	1279213.73	782
322134.26	1279159.29	783
322182.97	1279104.70	784
322231.72	1279050.07	785
322279.72	1278996.28	786
322326.60	1278943.74	787
322374.84	1278889.69	788
322424.81	1278833.69	789
322474.01	1278778.56	790
322474.23	1278778.32	791
322491.96	1278760.81	792
322473.48	1278740.15	793
322440.09	1278702.85	794
322393.77	1278651.10	795
322354.18	1278606.88	796
322317.11	1278565.46	797
322279.89	1278523.88	798
322239.51	1278478.76	799
322199.89	1278434.51	800
322162.79	1278393.05	801
322117.33	1278357.20	802
322115.23	1278352.97	803
322114.07	1278287.63	804
322114.83	1278227.97	805
322115.60	1278167.88	806
322116.37	1278107.34	807
322117.14	1278047.26	808
322117.89	1277988.30	809
322118.68	1277927.07	810
322119.44	1277867.32	811
322120.21	1277807.41	812
322120.96	1277748.23	813
322121.71	1277689.96	814
322122.46	1277631.10	815
322123.35	1277561.15	816
322124.42	1277456.75	817
322125.03	1277397.86	818
322125.67	1277335.49	819
322126.27	1277276.42	820
322126.92	1277213.19	821
322127.54	1277152.20	822
322128.01	1277106.96	823
322128.62	1277047.58	824
322100.55	1277004.81	825
322062.56	1276946.91	826
322028.06	1276894.33	827
322027.41	1276889.64	828
322042.51	1276841.99	829
322056.99	1276796.27	830
322070.07	1276755.00	831